SCD 1
1 22490U 93009B   17070.56421660  .00000229  00000-0  13136-4 0  9994
2 22490  24.9691 184.9919 0043188  24.6126  75.6089 14.44477119271474
TECHSAT 1B (GO-32)
1 25397U 98043D   17070.43080333 -.00000018  00000-0  11045-4 0  9994
2 25397  98.6007  14.8782 0000393 348.9750  11.1420 14.23616694969880
SCD 2
1 25504U 98060A   17070.21570374  .00000235  00000-0  15620-4 0  9991
2 25504  24.9967  29.6693 0017451  56.8729  82.9476 14.43998866970768
LANDSAT 7
1 25682U 99020A   17071.16412846  .00000104  00000-0  33114-4 0  9992
2 25682  98.2210 143.6314 0000767  79.6215 280.5110 14.57105758952465
DLR-TUBSAT
1 25757U 99029B   17071.22428255  .00000051  00000-0  24188-4 0  9994
2 25757  98.4175 343.0604 0013108 234.6176 125.3794 14.51353285942401
QUIKSCAT
1 25789U 99034A   17071.16031598 -.00000005  00000-0  15907-4 0  9997
2 25789  98.6061 261.3022 0000813  39.0715 321.0525 14.27271271923350
TERRA
1 25994U 99068A   17071.17476890  .00000087  00000-0  29433-4 0  9999
2 25994  98.2167 147.5697 0001275  81.8177 278.3182 14.57108897916546
EO-1
1 26619U 00075A   17071.15994651  .00000242  00000-0  54246-4 0  9995
2 26619  97.8493 104.9166 0011041  59.2140 301.0158 14.64367452869330
MAROC-TUBSAT
1 27004U 01056D   17070.88590830 -.00000042  00000-0  77196-6 0  9994
2 27004  99.3385 213.5080 0019219 227.6228 247.3408 13.70121058762722
AQUA
1 27424U 02022A   17070.57577546  .00000080  00000-0  27788-4 0  9990
2 27424  98.2125  13.3446 0002110  66.8734 290.2759 14.57088031790059
IRS-P6 (RESOURCESAT-1)
1 28051U 03046A   17071.21655782  .00000015  00000-0  26612-4 0  9998
2 28051  98.6317 149.0579 0002648 245.3271 114.7632 14.21661045695500
TANSUO 1 (TS 1)
1 28220U 04012A   17070.85548884 -.00000252  00000-0 -15924-4 0  9992
2 28220  97.6857  28.1907 0010496 106.5023 253.7354 14.99080018701841
FORMOSAT-2 (ROCSAT 2)
1 28254U 04018A   17071.23372872  .00000106  00000-0  10000-3 0  9995
2 28254  98.8730 133.7492 0002595  44.5777  35.1406 14.00616648655025
AURA
1 28376U 04026A   17070.51320429  .00000098  00000-0  31777-4 0  9995
2 28376  98.2127  15.4609 0001467  65.8515 294.2837 14.57106907673102
IRS-P5 (CARTOSAT-1)
1 28649U 05017A   17071.16029200 -.00001094  00000-0 -12681-3 0  9995
2 28649  97.8686 147.0495 0002573  33.6676 326.4808 14.83435891641595
SINAH 1
1 28893U 05043D   17071.06885284  .00000015  00000-0  11942-4 0  9996
2 28893  97.8613 233.8954 0016641  99.0200 261.2886 14.61422357606266
EROS B
1 29079U 06014A   17071.17464214  .00004657  00000-0  16100-3 0  9996
2 29079  97.3395 192.5893 0005712  71.4509  49.2792 15.30384346603507
RESURS-DK 1
1 29228U 06021A   17071.15170470  .00000113  00000-0  15992-4 0  9998
2 29228  69.9373 344.9484 0003146 172.7671 187.3536 15.02107479593537
ARIRANG-2 (KOMPSAT-2)
1 29268U 06031A   17071.14857266  .00000049  00000-0  19088-4 0  9995
2 29268  98.1117 332.1799 0017355 314.0320  45.9460 14.62252783566818
LAPAN-TUBSAT
1 29709U 07001A   17071.17384208  .00000106  00000-0  19709-4 0  9991
2 29709  97.6924  49.6508 0014415  53.1598 307.0937 14.82037792549611
CARTOSAT-2 (IRS-P7)
1 29710U 07001B   17071.15042372  .00000434  00000-0  66143-4 0  9992
2 29710  97.9377 133.5890 0002770  99.8522 260.3001 14.78674372548854
HAIYANG-1B
1 31113U 07010A   17071.17378287 -.00000010  00000-0  12813-4 0  9997
2 31113  98.5713 127.7612 0014760 127.2230 233.0314 14.30163344517609
COSMO-SKYMED 1
1 31598U 07023A   17071.16108760  .00000319  00000-0  46555-4 0  9995
2 31598  97.8780 256.3423 0001306  88.1857 271.9477 14.82162273528074
TERRASAR-X
1 31698U 07026A   17070.83225108  .00000108  00000-0  83590-5 0  9995
2 31698  97.4456  79.8733 0001765  85.1994  15.7279 15.19151807540093
WORLDVIEW-1 (WV-1)
1 32060U 07041A   17071.12935672  .00001444  00000-0  61580-4 0  9991
2 32060  97.3877 192.5154 0001556  86.9935  15.7630 15.24515870527462
YAOGAN 3
1 32289U 07055A   17071.20765912 -.00000243  00000-0 -24706-4 0  9993
2 32289  97.9974  73.3995 0000990  83.6674 276.4644 14.80790053504389
COSMO-SKYMED 2
1 32376U 07059A   17071.19485200 -.00000200  00000-0 -18627-4 0  9999
2 32376  97.8780 256.3767 0001518  86.1712 273.9674 14.82156975500829
RADARSAT-2
1 32382U 07061A   17071.05711135  .00000083  00000-0  49261-4 0  9998
2 32382  98.5769  80.0697 0001190  93.5707 358.6087 14.29985144482419
CARTOSAT-2A
1 32783U 08021A   17071.19532866 -.00000092  00000-0 -54750-5 0  9999
2 32783  97.9391 133.6978 0011584 270.5442  89.4486 14.78686399478800
JASON 2 (OSTM)
1 33105U 08032A   17070.86235299 -.00000047  00000-0  60646-4 0  9992
2 33105  66.0431 323.7787 0007727 275.0578 153.9367 12.80931391408135
RAPIDEYE 2
1 33312U 08040A   17071.18140632  .00000041  00000-0  12166-4 0  9990
2 33312  97.8232 154.6847 0011969 312.8433  47.1784 14.79897773461026
RAPIDEYE 5
1 33313U 08040B   17071.20420676  .00000093  00000-0  19146-4 0  9995
2 33313  97.8366 152.5285 0016422 176.8584 183.2751 14.79893320460975
RAPIDEYE 1
1 33314U 08040C   17071.19276549  .00000073  00000-0  16537-4 0  9991
2 33314  97.8254 154.2932 0023605 323.1645  36.7957 14.79898671461016
RAPIDEYE 3
1 33315U 08040D   17071.16170988  .00000036  00000-0  11581-4 0  9992
2 33315  97.8399 152.1222 0010539 259.1540 100.8492 14.79900531460970
RAPIDEYE 4
1 33316U 08040E   17071.21581149  .00000073  00000-0  16424-4 0  9996
2 33316  97.8432 151.7011 0010221 196.0561 164.0330 14.79895793460976
HUANJING 1A (HJ-1A)
1 33320U 08041A   17071.15201966  .00000165  00000-0  30918-4 0  9997
2 33320  97.9472 137.4687 0025938 341.7751  18.2544 14.76746895458460
HUANJING 1B (HJ-1B)
1 33321U 08041B   17071.16307647  .00000195  00000-0  34981-4 0  9999
2 33321  97.9516 138.6164 0034899 357.1165   2.9847 14.76820155458456
GEOEYE 1
1 33331U 08042A   17071.08056042  .00000051  00000-0  18814-4 0  9990
2 33331  98.1186 147.6913 0009144 204.5695 155.5075 14.64130960454890
THEOS
1 33396U 08049A   17071.21165316  .00000169  00000-0  10000-3 0  9996
2 33396  98.6884 140.2267 0001285  92.8420 358.6156 14.20049937437717
COSMO-SKYMED 3
1 33412U 08054A   17071.11465320 -.00000266  00000-0 -26852-4 0  9991
2 33412  97.8781 256.2970 0001540  79.9634 280.1731 14.82160590453273
YAOGAN 4
1 33446U 08061A   17071.21006950  .00000110  00000-0  22558-4 0  9992
2 33446  97.5919  73.9750 0014446 256.3185 103.6417 14.76604300445716
GOSAT (IBUKI)
1 33492U 09002A   17071.20614074 -.00000106  00000-0 -10162-4 0  9995
2 33492  98.1115 183.7080 0001270  93.2897 266.8452 14.67524574435609
YAOGAN 6
1 34839U 09021A   17071.12659199  .00000552  00000-0  24367-4 0  9995
2 34839  97.1577 125.9592 0027525 307.5358  52.3380 15.25476803437792
DEIMOS-1
1 35681U 09041A   17071.17743334  .00000027  00000-0  12055-4 0  9991
2 35681  97.9646 325.6022 0000426 353.2606   6.8589 14.71642210408874
DUBAISAT-1
1 35682U 09041B   17071.19834607  .00000084  00000-0  22330-4 0  9998
2 35682  97.8125 296.1338 0013079 101.8572 258.4109 14.68555252407973
OCEANSAT 2
1 35931U 09051A   17070.23513176  .00000089  00000-0  33638-4 0  9993
2 35931  98.3076 166.0505 0003537 119.3749 240.7799 14.50850504395255
WORLDVIEW-2 (WV-2)
1 35946U 09055A   17071.07051040 -.00000058  00000-0 -48451-5 0  9991
2 35946  98.5111 148.3173 0001050  23.0073 337.1157 14.37727994389552
SMOS
1 36036U 09059A   17071.13911597  .00000035  00000-0  24923-4 0  9995
2 36036  98.4446 260.2143 0001175  99.8429 260.2892 14.39757780386645
YAOGAN 7
1 36110U 09069A   17071.19080437 -.00000055  00000-0 -12934-6 0  9990
2 36110  98.1986 228.6653 0025704  65.0812 295.3042 14.75143466390587
TANDEM-X
1 36605U 10030A   17070.83227478  .00000072  00000-0  65967-5 0  9997
2 36605  97.4472  79.8747 0000935  73.6580  27.4041 15.19152052372835
CARTOSAT 2B
1 36795U 10035A   17071.16495216  .00000101  00000-0  20884-4 0  9997
2 36795  97.9366 133.5412 0014099 351.2890   8.8079 14.78688182359846
YAOGAN 10
1 36834U 10038A   17071.16357123  .00000134  00000-0  24093-4 0  9990
2 36834  97.9286  68.6545 0001040  67.2942 292.8387 14.80802222356121
COSMO-SKYMED 4
1 37216U 10060A   17071.14419466  .00000068  00000-0  15061-4 0  9998
2 37216  97.8781 256.3258 0001386  75.6710 284.4650 14.82163545343363
HAIYANG 2A
1 37781U 11043A   17071.19985438  .00000454  00000-0  49040-3 0  9991
2 37781  99.3328  83.8590 0000375 114.3397 245.7791 13.78717215280612
RASAT
1 37791U 11044D   17071.18573194  .00000038  00000-0  16187-4 0  9999
2 37791  98.1354 164.2059 0023324  67.6513 292.7163 14.64588299297574
MEGHA-TROPIQUES
1 37838U 11058A   17071.14156138  .00000302  00000-0  21890-4 0  9998
2 37838  19.9789  12.0305 0009839  78.6355 281.5154 14.09700470279396
SRMSAT
1 37841U 11058D   17070.86484552  .00000315  00000-0  27936-4 0  9995
2 37841  19.9731   0.2662 0012003  92.6818 313.2032 14.10566664279529
YAOGAN 13
1 37941U 11072A   17071.17534885  .00001244  00000-0  64391-4 0  9990
2 37941  97.4822   0.1836 0000711  61.0099  76.3995 15.18062813292940
PLEIADES 1A
1 38012U 11076F   17071.20298668 -.00000036  00000-0  21989-5 0  9990
2 38012  98.2054 147.6371 0001264  91.8936 268.2416 14.58544195278723
ZIYUAN 1-02C (ZY 1-02C)
1 38038U 11079A   17071.17420684 -.00000019  00000-0  81522-5 0  9992
2 38038  98.3545 138.2251 0001725  76.8077 283.3318 14.35437974273580
ZIYUAN 3 (ZY 3)
1 38046U 12001A   17071.16870287  .00000824  00000-0  39682-4 0  9996
2 38046  97.2960 140.5182 0001492  47.6731  36.4528 15.21437597287202
RISAT 1
1 38248U 12017A   17071.20948183  .00000416  00000-0  30336-4 0  9997
2 38248  97.5753  80.1152 0005355  32.9587  31.1957 15.08963408268615
ARIRANG-3 (KOMPSAT-3)
1 38338U 12025B   17071.19525200  .00000097  00000-0  28876-4 0  9996
2 38338  98.1307  10.9129 0008885 278.8877  81.1322 14.61549260257013
KANOPUS-V 1
1 38707U 12039A   17071.20458253  .00000456  00000-0  24252-4 0  9999
2 38707  97.4534 350.3914 0002026  78.9908  60.3481 15.20111210257320
EXACTVIEW-1 (ADS-1B)
1 38709U 12039C   17071.22938948  .00000020  00000-0  29221-4 0  9995
2 38709  99.0866  44.4156 0010903 164.7183 195.4329 14.23924161241030
SPOT 6
1 38755U 12047A   17071.14932154  .00000005  00000-0  10823-4 0  9990
2 38755  98.1499 139.6804 0001567  68.8309 291.3073 14.58582050239797
PLEIADES 1B
1 39019U 12068A   17071.16895383  .00000008  00000-0  11554-4 0  9996
2 39019  98.1728 147.6712 0001314  80.9154 279.2209 14.58560916227572
GOKTURK 2
1 39030U 12073A   17071.16114181  .00000047  00000-0  15210-4 0  9991
2 39030  98.0063 325.4866 0002425  47.7564 312.3850 14.72627246226275
LANDSAT 8
1 39084U 13008A   17070.37276682  .00000047  00000-0  20500-4 0  9994
2 39084  98.1913 142.2504 0001319  98.6156 261.5192 14.57122414216819
SARAL
1 39086U 13009A   17071.18929216  .00000000  00000-0  16282-4 0  9996
2 39086  98.5401 260.3047 0001656 131.1233 229.0094 14.31995750211227
GAOFEN 1
1 39150U 13018A   17071.20602092  .00000084  00000-0  19372-4 0  9996
2 39150  97.9555 156.3815 0019185  13.0382 347.1328 14.76502809208932
VNREDSAT 1
1 39160U 13021B   17071.20733648  .00000074  00000-0  23563-4 0  9999
2 39160  98.0894 148.9372 0001474  80.8089 279.3285 14.62973892205422
ARIRANG-5 (KOMPSAT-5)
1 39227U 13042A   17071.16340025  .00000151  00000-0  15077-4 0  9991
2 39227  97.6058 257.6473 0002437  81.3228 342.3173 15.04522855195100
YAOGAN 18
1 39363U 13059A   17071.16624595  .00001248  00000-0  64705-4 0  9997
2 39363  97.4018 141.8308 0001525 115.0470 273.2541 15.17963182186609
SKYSAT-1
1 39418U 13066C   17071.18468347  .00001049  00000-0  92569-4 0  9997
2 39418  97.7039 155.5360 0020062 248.9082 111.0014 14.98410988180559
DUBAISAT-2
1 39419U 13066D   17071.18558388  .00000466  00000-0  49437-4 0  9991
2 39419  97.6871 146.0969 0012517 228.2722 131.7392 14.93568831180027
GPM-CORE
1 39574U 14009C   17070.98301273  .00003585  00000-0  55509-4 0  9999
2 39574  65.0079 250.3626 0011511 289.0046  70.9853 15.55926981172406
SENTINEL-1A
1 39634U 14016A   17071.23010183 -.00000039  00000-0  15080-5 0  9993
2 39634  98.1818  80.2429 0001406  75.5119 284.6248 14.59198136156559
KAZEOSAT 1
1 39731U 14024A   17071.20679141  .00000001  00000-0  13557-4 0  9996
2 39731  98.4249 151.5981 0001107  83.4220 276.7100 14.41999387150913
ALOS-2
1 39766U 14029A   17071.06185620 -.00000537  00000-0 -65019-4 0  9993
2 39766  97.9185 169.7875 0001607  89.4755 270.6624 14.79467436151248
KAZEOSAT 2
1 40010U 14033A   17071.17739982  .00000064  00000-0  14789-4 0  9991
2 40010  97.9042 334.1431 0015549 230.2489 129.7363 14.82080828147575
HODOYOSHI-4
1 40011U 14033B   17071.19272846  .00000144  00000-0  25458-4 0  9999
2 40011  97.8959 330.9884 0025562 225.0054 134.9093 14.80834064147401
DEIMOS-2
1 40013U 14033D   17071.20542238  .00000328  00000-0  44885-4 0  9997
2 40013  97.8921 336.2383 0000894  21.2153 338.9093 14.84823054147814
HODOYOSHI-3
1 40015U 14033F   17070.77275870  .00000152  00000-0  28048-4 0  9993
2 40015  97.8870 326.0430 0035969 230.6724 129.1297 14.78204182147083
SPOT 7
1 40053U 14034A   17071.18463357 -.00000045  00000-0  00000+0 0  9996
2 40053  98.1646 140.0360 0001134  82.4523 277.6808 14.58561031143735
SKYSAT-2
1 40072U 14037D   17071.24502929  .00000110  00000-0  21629-4 0  9993
2 40072  98.3261 178.5828 0007076   9.6319 350.5045 14.80956297144632
WORLDVIEW-3 (WV-3)
1 40115U 14048A   17071.08119820  .00000156  00000-0  24628-4 0  9991
2 40115  97.8753 152.4584 0000654  78.3316 281.7985 14.84786374139694
YAOGAN 21
1 40143U 14053A   17071.19711944  .00001551  00000-0  65330-4 0  9990
2 40143  97.3204 146.5008 0011798 162.5658 276.6678 15.24779685139629
YAOGAN 22
1 40275U 14063A   17071.00281345 -.00000044  00000-0  00000+0 0  9999
2 40275 100.3990 186.0445 0005289 296.3118  63.7308 13.15312839114867
ASNARO
1 40298U 14070A   17071.15061917  .00001838  00000-0  89532-4 0  9992
2 40298  97.4129 154.9040 0002097  95.4831 353.0175 15.19597968130129
HODOYOSHI-1
1 40299U 14070B   17071.22065042  .00001098  00000-0  50956-4 0  9990
2 40299  97.4085 155.4261 0015229  74.4671 342.2623 15.22050542130193
CHUBUSAT-1
1 40300U 14070C   17071.16636596  .00001160  00000-0  55701-4 0  9997
2 40300  97.4015 152.8259 0022599  81.5475   1.9388 15.20630336130040
QSAT-EOS
1 40301U 14070D   17071.20759141  .00002662  00000-0  11586-3 0  9995
2 40301  97.3958 152.6741 0029872  78.7951 307.6161 15.22718440130071
TSUBAME
1 40302U 14070E   17071.07418006  .00001582  00000-0  83744-4 0  9999
2 40302  97.3856 145.7863 0041822  99.4713  18.2487 15.16128715129631
YAOGAN 23
1 40305U 14071A   17071.20508510  .00001216  00000-0  63128-4 0  9996
2 40305  97.4190  11.0159 0001210 100.0179  35.4275 15.17968818128712
YAOGAN 24
1 40310U 14072A   17071.14167721  .00000086  00000-0  19547-4 0  9991
2 40310  97.9890 192.2386 0017777  27.4647 332.7494 14.77087677124397
CBERS-4
1 40336U 14079A   17071.18144493 -.00000019  00000-0  82711-5 0  9992
2 40336  98.4612 147.7710 0001323  69.8985 290.2354 14.35458726118492
RESURS P2
1 40360U 14087A   17071.24468257  .00001859  00000-0  62109-4 0  9992
2 40360  97.2755 166.6374 0011042 116.0812 320.6246 15.32226210123542
YAOGAN 26
1 40362U 14088A   17071.20570447  .00001922  00000-0  76372-4 0  9994
2 40362  97.3615 151.5468 0005554 247.8100 138.2655 15.26506877122966
SMAP
1 40376U 15003A   17071.09007613  .00000076  00000-0  23766-4 0  9992
2 40376  98.1237  80.2161 0001655  90.9709 269.1683 14.63378827112694
KOMPSAT 3A
1 40536U 15014A   17071.22169666  .00000659  00000-0  42019-4 0  9993
2 40536  97.4723  12.9838 0009692 322.7246 173.1924 15.12057793108393
SENTINEL-2A
1 40697U 15028A   17071.18643781  .00000001  00000-0  16876-4 0  9999
2 40697  98.5620 147.5155 0001301  86.3113 273.8222 14.30820567 89822
CARBONITE 1 (CBNT-1)
1 40718U 15032D   17071.17817412  .00000071  00000-0  18287-4 0  9996
2 40718  97.9820 324.7194 0018354  88.5549 271.7759 14.74503667 89959
YAOGAN 27
1 40878U 15040A   17071.06350396 -.00000044  00000-0  00000+0 0  9993
2 40878 100.4074 133.4618 0009206  75.0213 285.1886 13.15952851 74049
LAPAN-A2
1 40931U 15052B   17068.00463743  .00000877  00000-0  33195-4 0  9996
2 40931   6.0004 227.0627 0013425 268.7667  91.1212 14.76516741 78139
YAOGAN 28
1 41026U 15064A   17071.19926133  .00002003  00000-0  70892-4 0  9994
2 41026  97.3001 200.5941 0008877 314.3113  95.7679 15.30272802 74927
YAOGAN 29
1 41038U 15069A   17071.20117191  .00000090  00000-0  18573-4 0  9992
2 41038  97.8899  55.0027 0001406  99.3858 260.7513 14.80374860 69730
KENT RIDGE 1
1 41167U 15077B   17070.50204714  .00001154  00000-0  30967-4 0  9997
2 41167  14.9801 171.2100 0011489  85.3846  20.0895 15.08636076 68160
TELEOS 1
1 41169U 15077D   17070.48725456  .00001695  00000-0  63302-4 0  9996
2 41169  14.9786 169.9519 0010755  84.4559  16.4301 15.09211732 68179
JASON-3
1 41240U 16002A   17070.88396100 -.00000027  00000-0  14943-3 0  9994
2 41240  66.0431 324.2487 0007659 275.8557  84.1585 12.80930388 53684
SENTINEL-3A
1 41335U 16011A   17071.16940355  .00000001  00000-0  18441-4 0  9997
2 41335  98.6194 139.9778 0001227  93.2762 266.8559 14.26738290 55520
SENTINEL-1B
1 41456U 16025A   17071.12675866 -.00000043  00000-0  63742-6 0  9997
2 41456  98.1818  79.9655 0001371  78.1173 282.0188 14.59198091 46700
ZIYUAN 3-2
1 41556U 16033A   17071.15833098  .00001176  00000-0  55611-4 0  9994
2 41556  97.4706 148.7538 0001576 116.6802 326.8620 15.21342945 43498
NUSAT 1 (FRESCO)
1 41557U 16033B   17071.15128423  .00001364  00000-0  54750-4 0  9996
2 41557  97.4696 150.6665 0014185 356.3863   3.7270 15.26645691 43626
NUSAT 2 (BATATA)
1 41558U 16033C   17071.17640594  .00001365  00000-0  55022-4 0  9991
2 41558  97.4723 150.7289 0013616 355.2484   4.8623 15.26523597 43620
CARTOSAT-2C
1 41599U 16040A   17071.11860319  .00000735  00000-0  38057-4 0  9996
2 41599  97.4712 134.0240 0016297  57.0204  26.4394 15.19257789 39911
SKYSAT-C1
1 41601U 16040C   17070.89590540  .00000456  00000-0  23068-4 0  9996
2 41601  97.5335 135.7230 0001271  41.4880 318.6452 15.22004831 39943
LAPAN-A3
1 41603U 16040E   17071.16136262  .00000375  00000-0  21019-4 0  9990
2 41603  97.4740 134.2425 0015224  56.3760  28.6797 15.19282580 39922
BIROS
1 41604U 16040F   17071.12497737  .00000545  00000-0  28179-4 0  9997
2 41604  97.4740 134.4128 0013843  51.6682 308.5795 15.20348924 39937
3CAT-2
1 41732U 16051B   17071.18963400  .00001903  00000-0  80127-4 0  9992
2 41732  97.3780 349.6345 0012316 253.7245 212.4199 15.24529494 31757
SKYSAT-C4
1 41771U 16058B   17070.89566915  .00002216  00000-0  10000-3 0  9999
2 41771  97.4030 145.3873 0002444 100.7798 259.3826 15.22035471 26881
SKYSAT-C5
1 41772U 16058C   17070.30473399  .00001000  00000-0  47883-4 0  9999
2 41772  97.3996 144.6497 0000379 308.1602  51.9601 15.21216120 26786
SKYSAT-C2
1 41773U 16058D   17070.54201919  .00001263  00000-0  58142-4 0  9994
2 41773  97.4022 145.0976 0001064  60.9428 299.1916 15.22122026 26828
SKYSAT-C3
1 41774U 16058E   17070.48869164  .00001440  00000-0  65842-4 0  9992
2 41774  97.4024 145.0161 0002311  72.9607 287.1882 15.22135323 26817
PATHFINDER 1
1 41787U 16059E   17071.08993653  .00000069  00000-0  22580-4 0  9993
2 41787  98.1779 133.5848 0031494 103.5392 256.9325 14.63492268 24380
WORLDVIEW-4
1 41848U 16067A   17071.15638387  .00000067  00000-0  14282-4 0  9996
2 41848  97.9554 145.4143 0002245  49.7440 310.3970 14.84709368 17864
GOKTURK 1A
1 41875U 16073A   17070.75483335 -.00000046  00000-0  00000+0 0  9995
2 41875  98.1163 326.9126 0001319  96.2399 263.8987 14.62779583 14051
RESOURCESAT-2A
1 41877U 16074A   17071.14309574  .00000865  00000-0  41417-3 0  9993
2 41877  98.7142 147.9457 0001128 126.6278 233.5031 14.21630374 13496
CARTOSAT-2D
1 41948U 17008A   17070.86208792  .00000876  00000-0  46893-4 0  9994
2 41948  97.5069 132.2920 0012575 162.7012 197.4611 15.17605720  3749
INS-1A
1 41949U 17008B   17070.80721257  .00001930  00000-0  89624-4 0  9996
2 41949  97.5068 132.3645 0010772 161.1825 198.9776 15.21199977  3718
INS-1B
1 41950U 17008C   17070.80432593  .00004205  00000-0  19007-3 0  9995
2 41950  97.5078 132.3734 0010212 163.6861 196.4656 15.21451911  3726
